   145.88908        88.405076        70.993701        55.415555        43.830810        29.973057        23.826233        18.848277        13.376215        8.8743852        4.3092848        1.9230370    
   88.405076        95.232748        69.783206        56.737443        46.161649        31.614412        25.336379        19.478488        14.138938        9.0144451        3.8361091        1.2333543    
   70.993701        69.783206        69.378919        51.906097        41.694128        28.202304        23.081509        17.497314        12.701956        8.2393547        3.5890753        1.2550309    
   55.415555        56.737443        51.906097        45.103611        36.494227        25.587120        20.690452        15.597500        11.502037        7.6935601        3.5600272        1.4105928    
   43.830810        46.161649        41.694128        36.494227        32.065947        22.727505        18.395498        13.753389        10.240631        6.8300778        3.1199892        1.2681816    
   29.973057        31.614412        28.202304        25.587120        22.727505        17.088484        13.666265        10.217372        7.7465232        5.2086541        2.4229178       0.99528502    
   23.826233        25.336379        23.081509        20.690452        18.395498        13.666265        11.724024        8.7363959        6.6080826        4.4197201        2.0599848       0.84956672    
   18.848277        19.478488        17.497314        15.597500        13.753389        10.217372        8.7363959        6.8555477        5.2673963        3.5913110        1.6943365       0.71115163    
   13.376215        14.138938        12.701956        11.502037        10.240631        7.7465232        6.6080826        5.2673963        4.5198464        3.2820542        1.6598356       0.71548940    
   8.8743852        9.0144451        8.2393547        7.6935601        6.8300778        5.2086541        4.4197201        3.5913110        3.2820542        2.6894045        1.5223480       0.70830693    
   4.3092848        3.8361091        3.5890753        3.5600272        3.1199892        2.4229178        2.0599848        1.6943365        1.6598356        1.5223480        1.1823510       0.65208579    
   1.9230370        1.2333543        1.2550309        1.4105928        1.2681816       0.99528502       0.84956672       0.71115163       0.71548940       0.70830693       0.65208579       0.60064044    
